$ANSIBLE_VAULT;1.1;AES256
66653364383562353665626134626131323565326166626361363064653633653766363839303364
6438393935623466643337613430333764306332616130310a333562353737383931636561353132
34363633646333653563393935623462333837656563663131653364366236396665653961373665
3333336237643735320a376237303832326230353664656539353337363436636239356263616332
61366364626232623564613436386636623864386565326332633839386134393762663262636531
37363330666661303164376336396533353762653762333437663266373632313961333261353130
30663861383333623339353436393032346534396137333562623961393766386431333331303533
36386463313763636565383563666132346561623466323838326137316465656639623238303462
36393465633763396364643161313432353933663030323332636236326435643364316238633239
65636364383438636238393933633234396562393865636438393337376563383230333539366262
63666330633533656438663539363435323030643736323932313737646465626663373231636132
36353937623339353665653164656364653162623638616666336336623863373838653333326433
61336333353463356330326266626562323132646339333839656637363033303436353236613466
39326330623930373761323530313133393664386464353831343164663164663631386130393335
38346137643464653135663964366138663963636163363339623562306364626330326132623166
66333764643538616639623265653636646163306439653336393232383062633230303963353166
62306537356133616465633064396334653239366364666338663362663634373564313632656135
38323835623465623538336235363737313136663036613336313531333331333831383232383163
61306234633535313365396334613739303166653239323463303031353266663839336430663961
31326334623536393139623966633166646161643137313238303333653532623239653366336235
33376461616132303661343539376533353931666433316239643632333062383061303361643930
30623765386130376461376266316535323539363266346565656434376639656164386363633938
31366266356132656532653535303364376561636662383531616438336564663437313961333832
33356533373930353465336133306539656137323063353732323134386533313965663863333133
37353331653836343166366361366633346235646363303462643963363330323033343435653964
61666437653138623664666336653234343862633032376133663933613839613936316361633339
34326633343465373766393466383539343864313738313066613237353932646139313364333665
35363665336334303239383435313039663362633439643232643934656361306663643132383965
31343936366564666665333337383764333833663163653164396662616538653339656466663831
31636438623964303934646237376433626530636233323965303839353034633533633762633537
35313337646436643432303265643032376236393039396236303365313433333064393062366530
37326462333634313134363530323035376161633861663661356462343861326161396662336237
66303332313134386261316334653635373062346336643039656333333061366665343331393263
36306539363536363331343738633663636433333632316562656630343437666166626232343634
37333562373837656262376539306637636562383732343637303037306530316263633338306462
65653233613831666663663638366464623634386135306534353464373939653663393930353139
31376539393837306239623632393738366364363364613566663239333334393934363731636432
64386531663630343265636538633932396263633830623039343238653233333632323037663935
34396136646536366631643764356266663634613064663531306139643461616235353364613633
32616465616234643431613261666534386437656137313935383435353634383032646261336436
34633536643131336436376436663265626530613935353364656339343937376236383635623530
38373837636638343835356339383165623365363666343664623866363936383765613461313164
65616534336664396266646135373036613335313161613164653962376166376462313461333763
61643731633037666665653536663638303930303765393761333631363138613236343238636331
34333865366530316663306462383232313330646630646666393361666431356563623863643961
39373539646535616562356338356464356466646162323438333736343733336234656463326235
37313536343065326139376132613838646334623535633765623164356139323137366637653331
32623235363232653839353232366661363561386233623333363562353734633735383036663836
61376265353938666533663864373732323436383564353439373630326434343633343437313935
35633436623634303439643030326362613535346236303236633862353566383566626631376330
31643538646463303461326637666464343130346232326532646234346335346132666363663264
65313836396532323632363431396163316161633436666234353539656663313631613438643138
33396139346137386333646564326132666532323338303333653561366464353531313830343331
31623931396166303237636530306530633661316162326364613065656561316562656265383262
62343237393966366333623935323464666631313734663335336162653831656463373534336530
31326333333138656439326331396263636265366532613361336630323134356337363130633462
31663031646266613839616637316433303134663939336339663135373932653238336432393535
37346431643862653239613465633137653330353163373236373832363166656632393762643163
31346232303661313838346431363464613732366163613831363035613038353533356265656164
64353461623965613733636363373433383763343061336462393734333064336565646337353230
35323332363433316333346164643831333330376131383631303562393165393133303564633036
35646534663765316137333065333739376539316337356562323963613735376264353733393638
34343435643935333366343262306638363166353033366333346339343464366139616630303535
64363162633864343839306236343433353463313038393934666163613861316237303530363434
32336265653662373763656630396434653963346330626537613131653832326639633865613234
35666366303662613533386336663737386562353362663138353863373233366161303435363332
63336366643134376138393231646134323630356130323132656332373364303966616562653736
30386161393732613864383464353064656432643630653134346637623830306238623161343538
39666232613138363430363737613264656432333565666438653463373563396437373264353762
62343133323635653063336432653935633862373139626163336233303039383239666665633834
37343336626133643535613832306434653330653339363636383731653931356537373931623866
63313864393962393834666266343934393636623236393865643165646431396661623839316463
66343831633063383032336233363531343535616232376531376330353930633939303238383136
38616431376537376337313366623364383938393564653262633331616661306337313334646335
33636131383731333037376464646365323863366630396531333036623464386637663465626136
35326264376339376662353932656633663962343938363135623535303764663561626136623261
31396665623636636661643235356233343832383639353333396338656535623463353961356539
30336565666332333233353366393062313133353338666366373262636437623232613432316630
33333634366262633038386135646639616534643231373333636634306634623565303834616663
34613937313266343639336436643966323838363338643134663431383332656639326432616434
62646630383264373438393363343466653833653866653932353463656635633966326663373762
33313831386436303435626564363232316134383762646130653732303162316262356631356633
33623666653130353037613164353434333265643536366661306330303261356230346338653063
31393263623430313539393666323737613165306235363235336233643135643734623130616165
63323436333437393864643931323634373239656561343232316334336136313438653365326466
37663633363061313466393937366465613565333236303239316438343432626632626261613538
35373964313936316238316239613965366562356138666665313231306332653835663536373030
37333361663565383139386531326564616138666634303962653962313466346237356537333130
30636565326331383830383339393635383566656162396263613638373065366165343230326136
34643335386466633439326433626363326462376430306536353535343839336538396235373737
35313339656663323436393630636333613537396666336135663733616164376135333061353161
38306233653034306338316133373037646632656264613232636238313465623363393137393064
36343534653964626430396630636536613636383238663439616436383130613736373965353764
65643964626665373732636639383632306163353065663266646262363531643465363638656162
38373134303736346632643139363063313333313037653232373661643864376431353134663336
34343734363462343739643439666465613766666634356363373833383234396633303137626562
33353834323566666231323234396533356365396264363564653736336136353466343163346136
65613461653464633662623839613932326331356331343232373438663565613234363736666333
34356138383837663236316562363536303365373031633063313137623431346531306234363732
33633435323037313530663032303736373862386663383861363561613834323036383331653662
66663262373432323564663561353661346637396562313763313030333264353437643530386133
66633838626164313438326264393939626431666262613433633863313261646236303630653534
66333930643532646637643334333037653838356138626537313737663265623030313238346133
65373062316132616664373366346536623539326561396463366339656662326439386437363339
66663832636135303234306335363433663433643931303263366234333831363034663038316161
62663432303637376531363665633533663733356562633035626437323232333437613836306539
65646662343963633563656532336138326665316263383333353538306538323562353862366631
39616630323332643537666263386163323631313064303261616533316137343764383664333237
61383832303963626535646266353736376634633438356531646266393532306536626463336664
35343235366231616665363933636237363831376230613764366662363038636133663832366263
61336130373033386366343133633062623230663162663832353032613165323234306430323535
65626430633630633933393935383235343561316663396230623931313866363036643736666662
63626230633834353835373830373166353032383464376666383637313562356138306633373632
38373663636537316465346632636630393266356238376432633163383934343735333434663766
30333535666539373330363234393066653663316632323766366462393863353363636436303434
39303766343234343964363965656663633036393938393762373339373064353166373136313137
61633262313936333331313330393333653731333632613165313834396639633539626335303335
31626631306264376233376565303130356463376431306432303438343564376333633966386462
36303633393931336166363932653361316139353932323130336538633636333666636431663737
63663737656233303730356430656363343362353432336334336432636562653762663438353237
62633635653463663930373362303533653038313164643233383237646561333433626330666539
64326538626665373036313636663233363863613062613337366565383037393566663461306330
31396138626663316365383061383761356162333834626131313537373136366231363030303637
35396634363266373963373830666432333530623632373438316334623837306362656533336232
64613632646430396236653731623931633763623039613661316337386138656532376639393938
38653538356637663034313161326462613735393133356361306537616664376537373461626264
61343139666131366566643966623635646463643130626661636332393435623031666564666665
36303437323830633736326331363931326531323666393965663636383834393865383436373262
32323962373532313234613162366232393930646137343435336262393035343935353532613332
30346664316634313737386434303135636537666638326638653738363630333539306237393662
62346332393161393261333137626262616665656561343537313630663164333163306230633364
35333333346530363566656538323433616332323030616530363337333137653939383861326639
35373930363433313466626164643138396263646235613234393539343936396461633530646563
32353036616133653864346431353537383230346635393637316264383835313432623136616136
65366135623462363963306466303335636233613639646435353539646133653234363939643239
63326235316431396335313032393030346464373030303866393136633463376133653563323266
37376434346165303431656366663866383333383865386464373832333335363832323639396566
34396531666132323338643463356366646536363639386239356638303239373838666232353632
32656332646437373535303766386430303430613861333363643266353364373135313336626137
66616235646538636637326439653763343930656338316363396362636334326262366264383439
31656234366265646364353338646262353036326665383365353633363266376138646130333266
30626665323939323037393464303464323033616535383635346561643862326432633364353638
61396465623762653763383462343835616631663363393538353932353861303439336530633539
39623233643963383065343539316536613932663731396364306435346162343332313534626236
39633732316133633863313331366365393062336438643464653262363434353832373866633135
35343966303935346361616666356439386164386633303361393036373630323963623234646336
61646463376431636662313031383064666632663264313131613531666166366166663433386434
36623238613634373564353465636462363139333031303136346439333438653735623933666665
37393931643531353735346262393766376662666364666531646466333538333634376235626466
34343331393466353562663438306266343662616130636133356361336162376463616363636135
33386566633766643739366333623962663566303431373132616661306638623466653134303764
63366636363837353338643233633539303563313337666335633661616162386237363366323636
32363265313061663339383165316263613562363231363365613133656632363266373563613764
65313734376663393965343230303737373633303566616238326231396532333561633734306665
31326534373139373231393730383266316131616365366334663031663162653535396432343039
35393330303836393630613931336431373963623266623565373466343635393836303966343739
61653035363138653430633937633461373062323335656165343761313566666565663264313337
34363436376335353364646339313234643865616462393133306537393739633565376431653965
63353766616461376632323564623034613239326534333034363335396236663330303935613535
62343530373361366633343365303436653161323132383266356233636662333134653763666465
32663239613439383862613164303634316364383464613931396230613237333533336337363436
31386366386539643733323838333563666163306462616538393639316665613330306664323138
33393830656631356637313834353732303535646362333565386539663864643165623034363438
39636333336338313164623238353831626363376430303136306332353935376161333036636262
65623234316133356363386235326334353862656237633965633164333535343439356563663864
33653264396139313831306632303735623334323762376337303230333631643630343862333838
32636262333861633231363532666531356438316166363766313838653938346338313638323935
35643539613062336338333661663535633365636539623866393864306164383038663731336463
35303633366562346631623531336164343566323534333337306166356239613130356162653332
38643534366564316333636630363033313461333666353961313965356230393161373261633232
63323661346338363862396436636433386261393361336634636338623737373636373737356265
39333536366130653863636532376231336435356166363032363664316438323962663035376531
62383066663935323932613764396432383363376661613837313836376362633633366335303265
66326163633363383637303266656266303466356633363336316635626362316263323964333535
63613361393738303832323465623865336265376630653366646633653736613938373866373336
30653262393238626432313332663963626466663439306437363836626139383464313337653234
31393038643138333332376265363432666265343232663664363862393736396339613961396537
37633064373061316339353632623237376532373038616530303432336362333439623132663130
33623661363836333231653931666538356466653833373833326135656639666161656532663837
65353865643133666439346131646366366231623932396634313235633561653233616631666366
66363634303139383334613639306364323066643636626630343833653832653764343764313361
30353434316165353530333038373863386633353733653761613734393865663332616232616361
65333863343934346639343036613330356431363334663032366235303237643030323732613362
34366566363961646361646661616263323634333064303331623735616233663162373665616634
31633538336236656465346536363633393064353037323938653737356433633232366234646638
36316536386466363235376233626531646235636132356338656330633333396434666262326333
63306335666432616133396539663963636565613966616261323363626265363630653936306462
64663834663764343964623733656431313261663130323937346365663539323634643538643939
31336336633439353831343866363735643264643031623532303437303439336666613961356534
38316635353165303938383235343864326561353265363739666437323930326532643964303266
38373136303934666333653930333431313038386433663265623530343065336635343361663536
32363462383964383561376432653130326234373035383964323461643662396461386535333566
65646431623863393037376234383636396434373037323162366464303737636439623463333133
63353964616465316339616633613937353561353264313537356330646432363130626566663931
39353935643638633330326535633262376431613066323731393730353039663630656636663964
39373030363739616234373366646163656633396366303232316262353165383636396538636465
33353664616638626165353865376361373332353364633065653164376332336562623633636663
37343636373238393261343466373836313232303731366238353639626462366132393433643966
39383433363732636236386332613231373564633638393332323935633031393130393233646332
36303636653963333436366539656133336334353463373665643762623138363434656264633766
63303131303135373236336231393239663430626238346666613531303236613335383962353035
32663538643239623231326338633266613666306635323732326564373334643537353434396632
61386531376561363438636233663830656334653463336331656430393265616364323964386139
63626262323434383133353232613235613533643730643037356664353931663434613734626434
30393064303166356263396330353930333933363565316532616433383731646364343462333033
36363734343966636634366363613965393033613236316134616336333662313732353663343062
33613936663230336233376466313139376363373631313833356338656634643237303238316233
64616635333635366634663737363232323535363432643163393765663838303466343534366362
36373833336363626230663330356539323561633335643137326438326539613063633563613761
34633533373432323937613031356163363235373631333531393664366235373734383162303965
62343034643061616464316537633433653234663833346366316538373461643532303566633535
33613264333062623861323135383134353962393835393863663134616236666233346435623533
65616530356231353738356439663639333663356139393162626433653163363430333839313266
34313966626233333166623131323832663866646235306438313061353031616539663632333565
65383761353632396566336638613732383639343835343066396366383765643966313065333338
38653661633230656132613736656532613435363130353235663064323030373033336162396433
34313963313735626530313036613536396161313064386662313231323334333930393566363561
37333964316437383465313637373937653664633665303261623639313664646236363636623764
32396332626232616662303666376435393763306432316239666465366564353639663431623032
31326566356562333166366362653832396139663433343131336435373231356462666165353338
37643539306335633533343437306239343632316333623535616165373865666634376365303265
66653238323230373462633336643865333839393764366634646164386532613761396162656463
33616237653830343062626130383337366163393834386132636433313061343533343134353362
30356666633366363637653032626435653034636366666134623430353937376561616632633334
66393464376564333165376537316431373938346334383261353035373662366366333034373830
36343537356461356333646435393732636431363364626566393537633565663338373764636664
30326537343564653636363066633136313663346465346536363066363233636231633163396261
30373534316261393832343830623834376237623335613065393831386131646533666136383436
34633431663632313761383866333636656233326361633166383134376234346363373839326239
37366232663561373030376161346562333131366432393433343164666266633138633963646431
62303664623664643330303737666533303936316436383732616466653830316536346536336237
32383633353631386335376562346530356563336462653939323537346434373161613033333734
36336438643735633433373637383664653762613461653132376163653935346137303738326233
66346330643566366433343037626337636265646162663162343961393438323365643531393638
32616230613535626464393834356539353463333765376632643831633764633966653930653238
36383639313739306135613266616261346338316432323134313732306232653034393564613538
37336466303437353162646662366462613532373761383966623230316537623865376332653032
62333139333966333838316165343038353364633138613366363164633134306333356438376331
30326263396238623539653837346634626135653430616563323365396365306431623334333561
37653630376261386166343732333963363532323733636434633337336235336531316334376439
62333733353934633334333239353739613833363161326231663635656534653933313165663036
32343961643536306462303630653637663130633262613639643236616635316633353761653633
31383638623431623038383835316637383431666638373866393763386661393435343738373435
33313736363632613831316538646634366261333033616665653532656431326534366139356563
30363363633565623636393337393231613736633334626136663932376634323536373539306636
61623333373566353438313033656232303838346166643761376431623339336636306163653538
66333561303531626133316662616461613634656366366362353633653364653165323934343361
62376664383735306431343936666537623830356336623639363737633066353135313039653462
62666366636130316339656634306238396364373665643038646464626337363763643163353437
61616638663538393866306566363463333465396335313662336234666338353465303337623135
32636431336332363431393937656530323862626536373932323530663034393966316630623365
66393264376530643266303565663864323239313735353837616239363533333438626262303139
32653639356137666666646531383964376566613134363130616334356161373462666637623439
61666336636162333636323130303562653166333439303439656331366633323935616265363133
36383732626664353565333035323433336534623265643931336663353338393230303630353736
36363831623431316234313530363864646163373965386463376430383632346435306564376237
39656638643239373666626538366633323865623032326266613334316430333838
